0.290669 0.801695 0.905333 -0.795606 0.555081 399.058453
0.495492 0.713165 1.774167 0.986503 -0.782078 553.484404
0.357871 0.940830 0.841069 -0.402669 -0.260150 776.417215
0.153246 0.630229 1.475163 0.313278 0.018412 176.155652
0.144949 0.979895 1.965488 0.246836 0.287211 492.711227
0.343544 0.691182 1.099217 -0.031602 -0.061175 690.486801
0.405926 0.862636 1.279402 0.576311 -0.519627 927.539513
0.207523 0.752242 0.648603 -0.643288 0.762356 255.627559
0.242401 0.922463 1.404264 -0.187293 -0.958458 86.879466
0.444100 0.611092 0.535428 0.097013 0.700958 866.617949
0.306529 0.833325 1.843522 -0.512878 0.226034 629.550760
0.105029 0.744026 1.209427 0.704778 -0.499800 323.976724
0.196682 0.894285 0.719062 0.857148 -0.198287 237.976106
0.392151 0.783097 1.585334 -0.922999 0.456748 946.064193
0.454583 0.961546 1.030143 0.468132 0.993195 723.116906
0.259306 0.672040 1.660941 -0.253665 -0.720421 460.892479
0.263378 0.968989 0.578308 0.539052 0.107226 992.223613
0.474351 0.658387 1.349731 -0.745498 -0.364695 219.686687
0.386728 0.886055 1.169569 0.145612 -0.843564 442.395080
0.175947 0.797525 1.895216 -0.071800 0.569768 769.545681
0.122342 0.846978 1.545446 -0.489795 0.862980 855.483553
0.314592 0.736584 0.770728 0.290108 -0.604549 125.847021
0.426966 0.908036 1.703849 -0.819743 -0.064157 363.124093
0.234915 0.619322 0.975639 0.902298 0.336962 618.175085
0.215112 0.855191 1.731282 0.428253 -0.375845 672.801006
0.422959 0.765892 0.959859 -0.353612 0.148817 539.951552
0.335384 0.988128 1.515027 0.754280 0.674675 302.660014
0.127729 0.676757 0.789380 -0.961911 -0.916382 910.123074
0.174076 0.927181 1.139097 -0.598595 -0.654908 593.617098
0.363202 0.637674 1.913817 0.680086 0.880974 388.668035
0.475623 0.816120 0.605701 -0.209046 0.418593 165.945179
0.286696 0.704933 1.333912 0.010310 -0.175894 816.308630
0.280689 0.946014 1.819724 0.929713 0.803036 893.689520
0.482413 0.631322 1.234702 -0.848237 -0.545841 286.226460
0.369791 0.809806 1.426586 0.260622 -0.004198 523.544759
0.168267 0.723825 0.514537 -0.459466 0.278269 656.394212
0.133444 0.873860 1.051022 -0.103971 0.039256 800.400627
0.328889 0.759742 1.638608 0.178627 -0.297412 150.037176
0.416270 0.981942 0.693776 -0.711492 -0.775578 372.732395
0.221018 0.695363 1.609121 0.503967 0.502499 577.681458
0.228907 0.828171 0.864867 0.040512 -0.714226 753.055975
0.433754 0.742958 1.449888 -0.240123 0.941285 425.905374
0.321183 0.914375 0.883011 0.651955 0.477896 203.223741
0.116534 0.600452 1.795059 -0.569354 -0.236220 975.760667
0.181660 0.950297 1.258522 -0.995170 -0.442518 602.323234
0.380231 0.664511 0.670937 0.788648 0.216421 347.272242
0.467663 0.892217 1.990774 -0.322189 0.741333 109.967533
0.269285 0.778893 1.075430 0.395956 -0.984001 839.604065
0.251836 0.875392 1.491973 -0.673129 0.347551 336.798542
0.459708 0.789411 0.811003 0.607262 -0.120462 642.372577
0.397085 0.967898 1.755813 -0.003596 -0.579983 879.466527
0.189406 0.653207 0.933852 0.217957 0.821629 99.728045
0.112399 0.903857 0.631719 0.346899 0.622655 473.229105
0.301501 0.617278 1.309392 -0.437163 -0.848782 735.453532
0.438875 0.839476 1.117486 0.954954 -0.327739 958.373182
0.249972 0.725358 1.936883 -0.762946 0.085101 250.285081
0.200054 0.998765 1.192624 -0.281442 -0.139609 189.033622
0.411052 0.684843 1.873592 0.496752 0.396773 789.295185
0.348476 0.856262 0.553778 -0.893388 0.934533 566.389134
0.137671 0.771050 1.375738 0.826456 -0.660432 411.963170
0.160618 0.820327 1.677831 0.736587 -0.891144 267.908033
0.352844 0.707003 1.000158 -0.545766 0.633019 939.819987
0.490265 0.934706 1.567059 0.063133 0.158735 702.739637
0.298238 0.648920 0.747662 -0.152570 -0.431845 504.964063
0.296304 0.985672 1.600402 0.473503 -0.561291 227.845543
0.491749 0.699495 0.731933 -0.304934 0.787586 950.294592
0.354180 0.871680 1.653334 0.834198 0.262453 712.985246
0.158927 0.757184 1.018874 -0.885402 -0.020014 465.121782
0.142781 0.807640 0.529214 -0.553405 -0.281977 91.635198
0.344503 0.721256 1.394387 0.728704 0.054690 856.984642
0.406931 0.949755 1.225942 -0.129188 0.518300 634.307587
0.205406 0.635442 1.857839 0.086759 -0.759778 314.344513
0.244570 0.890051 1.090047 0.614886 0.956856 482.524512
0.443140 0.776323 1.958517 -0.665261 -0.698655 694.661047
0.305524 0.954039 0.662121 0.194590 -0.220526 917.351701
0.107145 0.668631 1.296582 -0.027207 0.493590 259.800709
0.191047 0.918104 1.786190 -0.413900 0.200865 403.870323
0.395894 0.604584 0.921017 0.370407 -0.458075 543.907249
0.458274 0.825991 1.464468 -0.770704 -0.999680 781.230195
0.253625 0.740401 0.832571 0.946953 0.725655 166.579600
0.273697 0.843595 1.928157 -0.231995 -0.104891 583.991687
0.462798 0.729099 1.155635 0.047907 0.363123 393.403586
0.375221 0.901288 1.324103 -0.593224 0.837322 156.319103
0.186318 0.615111 0.599555 0.628817 -0.564289 821.043522
0.115490 0.965341 0.948522 0.812385 -0.864339 677.051585
0.323361 0.651028 1.723607 -0.972166 0.607098 529.813093
0.435788 0.879524 0.802228 0.387725 0.069422 306.911251
0.228108 0.793140 1.530072 -0.329687 -0.343417 899.985273
0.221965 0.932149 0.762298 -0.871989 0.381324 845.914295
0.414190 0.646741 1.534820 0.906693 -0.155059 130.638724
0.326563 0.824459 0.991347 -0.451220 -0.676247 353.554176
0.134536 0.710732 1.715895 0.268135 0.918717 622.966130
0.163757 0.860382 1.366888 0.170515 0.648453 996.418040
0.374754 0.774791 0.591802 -0.111350 -0.875710 209.492075
0.487130 0.996196 1.888176 0.527822 -0.416044 446.590165
0.276325 0.682676 1.160331 -0.688369 0.174536 759.351728
0.281259 0.866720 0.686674 -0.361739 -0.797772 610.096495
0.479853 0.755923 1.270598 0.420858 0.539387 340.684541
0.367284 0.977387 1.066971 -0.938041 0.002841 117.739694
0.168881 0.689052 1.980118 0.777418 -0.275721 833.015268
0.129311 0.938309 1.442879 0.656350 -0.045496 747.063797
0.334133 0.628111 0.855659 -0.621600 0.302889 434.302233
0.421561 0.805766 1.812186 0.018540 0.777912 197.232659
0.216936 0.716858 0.896475 -0.201548 -0.504070 984.158568
0.233040 0.959026 1.628781 -0.721746 0.716774 808.230040
0.428510 0.669922 1.044858 0.562073 -0.942642 143.505621
0.315893 0.898356 1.623479 -0.080045 -0.484350 380.560712
0.120616 0.786790 0.710332 0.138099 0.241484 571.148813
0.181092 0.837409 1.247532 0.298220 0.440947 887.641189
0.382790 0.747706 1.834750 -0.482415 -0.214087 294.567167
0.470171 0.919954 0.503219 0.878443 -0.735856 517.497524
0.268670 0.608962 1.418929 -0.842866 0.977761 664.736016
0.260215 0.911728 1.013691 0.120262 -0.348880 276.298751
0.452464 0.623393 1.695027 -0.163800 0.123042 933.849742
0.389888 0.844860 0.738477 0.697037 0.585217 711.129696
0.197836 0.734063 1.560072 -0.520864 -0.828114 498.993161
0.100457 0.883925 1.862913 -0.915360 -0.620350 182.423993
0.311429 0.795016 1.184141 0.865031 0.847179 797.074587
0.448855 0.972669 1.387745 -0.277047 0.321528 559.780157
0.238075 0.662470 0.569447 0.444506 -0.079592 419.743230
0.211998 0.813990 1.301758 0.978880 0.133123 481.563671
0.401123 0.702424 0.620423 -0.803474 -0.391539 729.427080
0.338496 0.930861 1.951978 0.336645 -0.931953 966.707089
0.149568 0.641757 1.130384 -0.379058 0.659104 244.258040
0.152240 0.991820 0.827491 -0.054866 0.896653 330.245059
0.360087 0.680828 1.506263 0.223328 -0.639230 650.208132
0.497463 0.853073 0.927665 -0.635531 -0.160338 872.913702
0.289808 0.763371 1.745963 0.584313 0.434150 107.564258
0.288231 0.913078 0.797995 -0.502113 -0.024299 660.052121
0.499107 0.601806 1.522543 0.717496 0.250365 520.001129
0.361679 0.830338 0.955639 -0.172668 0.791879 282.693126
0.150605 0.740745 1.728161 0.105779 -0.549180 897.329607
0.147977 0.891266 1.331539 0.453461 -0.756455 581.223333
0.340129 0.779786 0.603696 -0.262476 0.529427 369.072732
0.402699 0.952132 1.923513 0.846429 0.051390 146.395266
0.210354 0.662722 1.148428 -0.935671 -0.293097 803.932192
0.239575 0.811202 1.892455 -0.393873 0.490175 972.231076
0.447325 0.722378 1.167907 0.327934 -0.231745 206.867625
0.309944 0.943939 1.359816 -0.782919 -0.695263 429.559554
0.101997 0.633436 0.587294 0.997237 0.968068 749.508617
0.199320 0.982987 0.983864 0.563609 0.730031 835.958440
0.388348 0.694370 1.711709 -0.654038 -0.987500 113.495373
0.450965 0.872124 0.766896 0.238055 -0.462458 350.817846
0.261745 0.761438 1.541982 -0.046242 0.188663 598.667300
0.267183 0.858472 1.218780 0.761138 -0.575478 96.085926
0.471713 0.768879 1.853240 -0.960913 0.833939 882.997873
0.384287 0.997414 0.533400 0.431159 0.374305 645.914671
0.179565 0.686142 1.401869 -0.348753 -0.101531 333.139098
0.119119 0.936498 1.657843 -0.211998 -0.331267 246.751980
0.317421 0.647088 1.025946 0.005404 0.073767 962.013543
0.429998 0.819431 1.592827 -0.605408 0.594925 739.111221
0.231498 0.707951 0.727653 0.679133 -0.868691 469.685256
0.218524 0.965781 1.471676 0.150503 0.906598 415.508554
0.419930 0.655278 0.837214 -0.068863 -0.680561 562.732980
0.332554 0.876842 1.782050 0.540021 -0.142916 785.649779
0.130957 0.788018 0.913580 -0.738670 0.385645 192.561691
0.170461 0.837783 0.657567 -0.820726 0.185695 508.618462
0.365638 0.727096 1.289464 0.895455 -0.412692 699.192443
0.478265 0.904847 1.097577 -0.494669 -0.886861 936.290176
0.282890 0.616230 1.962751 0.287187 0.645123 271.551698
0.277861 0.831603 1.383603 0.645127 -0.272253 179.797781
0.485636 0.745708 0.562008 -0.570322 0.014128 772.885869
0.373208 0.923521 1.870122 0.037576 0.535927 549.942310
0.165236 0.610086 1.188786 -0.245013 -0.809037 402.717884
0.136081 0.959461 0.746005 -0.319267 -0.508500 259.160674
0.325085 0.674164 1.564304 0.400831 0.765664 923.899152
0.412654 0.895669 1.009139 -0.988327 0.307341 686.829112
0.223458 0.781661 1.687911 0.789632 -0.033240 496.255076
0.226470 0.942654 0.931853 0.255763 0.245944 320.431340
0.437370 0.628450 1.753446 -0.462372 -0.472072 633.206913
0.324990 0.800733 0.820328 0.928713 -0.947125 870.263355
0.113892 0.714069 1.501663 -0.855095 0.704488 83.351406
0.184691 0.864818 1.944404 -0.710539 0.974263 457.238081
0.376818 0.750015 1.126106 0.510780 -0.747174 726.664045
0.464435 0.978613 1.306265 -0.099066 -0.210596 949.594004
0.272115 0.692522 0.627493 0.181579 0.452242 234.332441
0.255250 0.989131 1.805116 -0.904122 -0.815804 765.887773
0.456680 0.675696 0.891968 0.813769 0.589707 445.938710
0.394254 0.853512 1.447156 -0.296097 0.110724 223.220021
0.192632 0.767617 0.863233 0.487956 -0.353392 988.583472
0.108786 0.817560 1.071570 0.077774 -0.090941 614.633210
0.303938 0.703551 1.987281 -0.143789 0.318000 366.783756
0.441515 0.925053 0.679190 0.747337 0.858506 129.488921
0.246165 0.639756 1.266410 -0.533063 -0.616830 851.951988
0.203858 0.885148 0.510334 -0.012362 0.670361 913.652666
0.408412 0.798484 1.423481 0.203332 -0.928517 299.016130
0.346037 0.970770 1.243299 -0.685847 -0.402774 536.297373
0.141290 0.656566 1.827222 0.596497 0.129695 676.348364
0.157393 0.906698 1.618833 0.967626 0.421931 819.954255
0.355671 0.620608 0.703123 -0.752228 -0.164736 162.417328
0.493298 0.849202 1.636219 0.355710 -0.627003 385.122432
0.294822 0.734400 1.049000 -0.422493 0.901074 597.273033
0.299723 0.899411 1.696683 0.195574 0.029562 829.469883
0.488726 0.785780 0.971036 -0.020363 -0.256819 121.395862
0.351344 0.957295 1.549637 0.619761 -0.793236 344.329947
0.162148 0.671595 0.778214 -0.662339 0.551728 606.568439
0.139172 0.921342 1.174079 -0.775595 0.750215 980.504224
0.346945 0.607529 1.902289 0.944015 -0.523950 200.779812
0.409567 0.835333 0.570732 -0.414869 -0.049056 437.832044
0.201594 0.749840 1.345450 0.363578 0.291526 743.420146
0.248381 0.976434 0.612913 0.837152 -0.487628 574.790928
0.440508 0.689965 1.338560 -0.880495 0.230388 377.029365
0.303076 0.868547 1.134953 0.480317 0.688809 139.963520
0.110756 0.754147 1.906376 -0.303980 -0.962804 811.889484
0.187829 0.804475 1.510472 -0.136047 -0.731602 668.269117
0.398729 0.718189 0.782261 0.085759 0.989834 513.857163
0.461300 0.940487 1.738813 -0.556312 0.467936 290.909464
0.250202 0.625880 0.964094 0.723844 -0.194903 891.185038
0.270865 0.929185 1.275166 -0.438517 0.574150 502.522752
0.466016 0.643485 0.641073 0.278885 -0.831360 707.485826
0.378643 0.815002 1.972607 -0.863207 -0.369070 930.195563
0.183292 0.701372 1.103772 0.921334 0.095046 279.846109
0.118122 0.850943 0.848510 0.519025 0.333571 423.388855
0.319552 0.765450 1.479308 -0.703026 -0.075370 556.252320
0.432175 0.993251 0.900684 0.157826 -0.601136 793.528984
0.230553 0.679438 1.766956 -0.122085 0.874200 186.079927
0.219521 0.846632 1.034423 -0.578552 -0.913083 240.600117
0.417798 0.732233 1.668518 0.637630 0.685796 970.250719
0.330377 0.910818 0.711988 -0.221275 0.145495 732.960455
0.131901 0.624349 1.580824 0.060580 -0.386973 477.923529
0.166779 0.974902 1.836035 0.376960 -0.180186 104.022373
0.371333 0.660295 1.205237 -0.342405 0.406481 876.573365
0.483909 0.882591 1.408867 0.797759 0.885258 653.850029
0.279162 0.796305 0.542595 -0.980932 -0.642819 326.713493
0.285069 0.956203 1.110411 -0.092718 0.266044 461.592190
0.477220 0.666415 1.932372 0.127380 -0.008620 716.629117
0.364839 0.888745 0.636001 -0.730558 -0.533624 953.948772
0.172494 0.777668 1.316971 0.547401 0.807435 224.298171
0.126091 0.827829 1.760414 0.887210 0.513733 310.698888
0.336966 0.738615 0.941017 -0.828240 -0.772148 637.835424
0.424588 0.917162 1.484488 0.310939 -0.308668 860.530245
0.213514 0.605487 0.806814 -0.471649 0.035818 87.979254
0.236460 0.869615 1.574179 -0.952682 -0.247546 263.458632
0.425488 0.759308 0.752219 0.768636 0.474375 913.808072
0.313056 0.987070 1.673595 -0.372490 0.952633 691.127727
0.123836 0.698051 0.992626 0.408155 -0.710697 486.164653
0.177484 0.948010 0.549131 0.029274 -0.971684 170.121475
0.385233 0.637129 1.368527 -0.188860 0.745847 777.570531
0.472804 0.808681 1.200063 0.671006 0.204112 540.265353
0.264856 0.720260 1.877736 -0.612803 -0.447009 407.401888
0.257772 0.823111 0.689632 0.335691 0.818139 824.588907
0.456074 0.712034 1.601681 -0.385871 -0.591279 152.662949
0.393700 0.934368 1.058233 0.973974 -0.116965 389.758180
0.195200 0.644580 1.643255 -0.806427 0.358870 587.519743
0.103480 0.995296 1.434118 -0.630671 0.089583 903.639672
0.308010 0.683621 0.518773 0.587220 -0.315451 303.364098
0.445633 0.862165 1.815167 -0.053866 -0.853241 526.283282
0.240911 0.772950 1.227581 0.230187 0.610375 680.695236
0.209163 0.902729 1.994963 0.694114 -0.664883 619.324014
0.404340 0.613710 1.082915 -0.525739 0.922276 357.085522
0.341918 0.841475 1.251357 0.113418 0.401202 134.180829
0.146544 0.731168 0.666335 -0.164785 -0.127360 842.254851
0.154871 0.880523 0.875433 -0.270218 -0.428386 755.818627
0.356276 0.792102 1.790776 0.445475 0.170001 450.230526
0.493852 0.963651 0.869378 -0.912423 0.629552 213.149778
0.292254 0.652769 1.456963 0.869921 -0.902432 992.874191
0.293216 0.962526 1.934695 -0.475007 -0.291988 360.156052
0.494837 0.652328 1.112369 0.307581 0.049076 622.605088
0.357268 0.879981 1.318904 -0.832574 0.524404 845.327766
0.155838 0.791072 0.638301 0.882875 -0.750257 137.464284
0.145967 0.840940 0.944851 0.550880 -0.551282 453.464906
0.341317 0.730144 1.763883 -0.727079 0.793203 758.814332
0.403745 0.901610 0.810258 0.131836 0.256351 996.106131
0.208592 0.613275 1.488298 -0.088262 -0.029537 216.143030
0.241481 0.861633 0.755709 -0.616282 0.195251 154.891132
0.446228 0.771929 1.578035 0.667526 -0.468086 827.027695
0.308612 0.994174 0.996506 -0.193316 -0.990159 589.750373
0.104057 0.683183 1.677109 0.024819 0.731759 392.199409
0.194233 0.933240 1.370598 0.411512 0.962473 305.643834
0.392708 0.644135 0.551568 -0.369132 -0.688646 905.680788
0.455088 0.822573 1.880197 0.772970 -0.230049 682.972586
0.256811 0.711008 1.202158 -0.948348 0.487488 528.322012
0.264261 0.808146 1.605468 0.233544 -0.874349 917.046812
0.472234 0.719236 0.693053 -0.050509 0.601484 266.458752
0.384657 0.946892 1.646655 0.591553 0.075527 489.406217
0.176882 0.636694 1.061999 -0.626338 -0.333896 694.130671
0.124828 0.985946 0.521142 -0.809905 -0.094882 780.636647
0.314023 0.697610 1.436120 0.970495 0.368739 173.398196
0.426449 0.869074 1.229562 -0.390327 0.831220 410.465125
0.237446 0.758278 1.817514 0.331236 -0.573812 543.539188
0.212529 0.916034 1.084942 0.873400 0.642839 718.913267
0.423626 0.605043 1.997356 -0.908944 -0.885721 463.637666
0.335999 0.827291 0.668749 0.449930 -0.406524 226.585200
0.125100 0.737588 1.253405 -0.265763 0.180641 955.997126
0.173095 0.888213 1.794313 -0.168141 0.386940 640.059254
0.365416 0.776648 0.879336 0.110062 -0.145050 313.133262
0.477791 0.955082 1.460888 -0.530072 -0.685770 90.200263
0.285663 0.665977 0.872936 0.689781 0.912615 862.961795
0.278195 0.881857 0.973429 0.360222 -0.035976 968.865883
0.482918 0.795473 1.698709 -0.418226 0.308994 239.453957
0.370348 0.973970 0.780262 0.939682 0.772298 476.534060
0.165817 0.659656 1.552051 -0.779927 -0.514081 731.809661
0.132472 0.909892 1.906192 -0.658860 -0.807295 875.247095
0.330972 0.623716 1.177616 0.623240 0.533285 102.485562
0.418399 0.845904 1.349009 -0.015908 0.008457 325.391802
0.220098 0.731407 0.574656 0.200030 -0.265713 652.317793
0.229977 0.992328 1.341981 0.720365 0.447052 706.943276
0.431574 0.678807 0.616700 -0.559791 -0.204567 502.218822
0.318957 0.850212 1.910142 0.081304 -0.745867 279.298994
0.117552 0.764622 1.138352 -0.140502 0.972147 929.887054
0.184253 0.814265 0.784263 -0.300624 0.710672 555.880640
0.379628 0.700537 1.512840 0.483673 -0.952165 422.806576
0.467009 0.928256 0.966441 -0.876162 -0.474342 185.712888
0.271832 0.642849 1.740794 0.841484 0.247100 792.951338
0.250803 0.939561 0.644928 -0.118728 -0.610830 375.700490
0.461876 0.625247 1.278656 0.161184 0.853284 573.251455
0.399299 0.803747 1.107286 -0.698692 0.315914 810.556414
0.188424 0.717363 1.976488 0.523359 -0.089603 138.419851
0.109771 0.867813 1.481744 0.917855 -0.358402 512.474988
0.302115 0.753316 0.850580 -0.866686 0.116939 667.125561
0.439542 0.975501 1.769051 0.274430 0.590833 889.807003
0.247389 0.689325 0.903145 -0.442973 -0.818106 289.770049
0.202586 0.834596 1.670476 -0.977453 0.902758 121.021515
0.410534 0.749006 1.036747 0.801239 -0.629709 828.885000
0.347907 0.920413 1.583124 -0.337949 -0.170349 606.189959
0.140157 0.606892 0.713922 0.381416 0.428535 343.740923
0.161554 0.956371 1.208705 0.057223 0.127021 200.239866
0.350773 0.670965 1.839870 -0.224633 -0.401061 980.202954
0.488149 0.898680 0.546404 0.633295 -0.921945 742.884395
0.299122 0.784952 1.412311 -0.582886 0.664720 437.534969
0.293831 0.849646 0.559938 0.792989 0.293315 296.066021
0.492330 0.735527 1.381166 -0.984969 -0.051654 910.492013
0.354709 0.907725 1.186325 0.405164 -0.529638 673.393676
0.156408 0.621146 1.868027 -0.314933 0.756742 533.132141
0.141885 0.971791 1.560814 -0.248492 0.548979 159.062534
0.346608 0.657099 0.742149 0.034096 -0.791601 816.838129
0.408989 0.885586 1.684031 -0.574778 -0.250141 593.922865
0.204459 0.799605 1.005624 0.640671 0.024029 382.010939
0.245563 0.926077 1.749612 0.185058 -0.188766 443.830941
0.440939 0.640291 0.928384 -0.095586 0.462852 763.569350
0.303367 0.817995 1.498219 0.515236 0.987581 986.471069
0.108191 0.704670 0.816517 -0.706082 -0.730432 220.897020
0.193618 0.853953 1.123782 -0.858453 -0.967981 364.383600
0.395215 0.768742 1.942446 0.925356 0.694856 612.471673
0.457647 0.990161 0.625560 -0.466706 0.231651 849.556410
0.256242 0.676238 1.303966 0.251429 -0.489791 127.331967
0.272691 0.979633 0.888431 -0.536420 0.869085 629.863546
0.465037 0.693055 1.801212 0.743980 -0.595029 317.326592
0.377414 0.865256 0.859308 -0.148122 -0.074169 80.003895
0.185261 0.751137 1.443598 0.073440 0.331348 867.154467
0.112931 0.801177 1.985255 0.491434 0.101124 723.702557
0.324004 0.715197 1.069178 -0.292619 -0.374218 454.065994
0.436378 0.943681 1.263996 0.818224 -0.833555 231.375148
0.225503 0.628989 0.677143 -0.899667 0.575384 946.426058
0.224426 0.896110 1.421113 -0.425971 -0.645387 770.497091
0.413645 0.782785 0.508333 0.352232 0.887079 177.647671
0.326070 0.960491 1.825242 -0.756682 0.412979 400.324911
0.137043 0.674706 1.240953 0.963171 -0.185905 547.788012
0.164665 0.924545 0.699336 0.599854 -0.385368 921.779950
0.372614 0.610622 1.615412 -0.682490 0.142715 256.830928
0.485035 0.832038 1.045600 0.207665 0.680292 494.140013
0.277285 0.746827 1.632453 -0.008029 -0.906373 684.503505
0.283875 0.905682 1.520540 -0.932314 0.033642 564.224198
0.479226 0.616967 0.795627 0.849785 -0.307423 416.761097
0.366605 0.838419 1.725814 -0.258143 -0.766058 194.055342
0.171453 0.728026 0.953659 0.457795 0.508604 786.904762
0.130356 0.877473 0.600274 0.102300 0.808652 700.412385
0.331977 0.788941 1.327752 -0.176147 -0.535833 510.048894
0.419359 0.966609 1.144662 0.713041 -0.013721 272.769200
0.217930 0.656009 1.920113 -0.506568 0.272166 937.718222
0.232093 0.820064 1.164003 -0.042763 -0.452529 883.646805
0.430568 0.708877 1.888919 0.241533 0.210807 96.496235
0.317997 0.937324 0.583736 -0.649583 0.747438 333.790416
0.119720 0.647816 1.355892 0.568064 -0.974481 646.327369
0.178572 0.998246 1.709316 0.993881 -0.704218 962.278841
0.383320 0.686876 0.981838 -0.786275 0.946901 247.227876
0.470752 0.859112 1.539934 0.323600 0.471794 469.948114
0.266197 0.769812 0.764483 -0.398206 -0.245743 739.584677
0.261175 0.872754 1.849772 0.675776 0.617040 208.077834
0.450370 0.762361 1.214946 -0.608765 -0.858793 973.651884
0.387747 0.983816 1.398059 0.001070 -0.318218 750.721705
0.198744 0.695101 0.529956 -0.216332 0.091205 430.983241
0.102963 0.944774 1.023988 -0.345273 0.353168 114.996218
0.310937 0.634173 1.655519 0.434639 -0.110454 837.220662
0.448310 0.811838 0.725354 -0.956456 -0.589506 600.165317
0.240536 0.723307 1.590893 0.765594 0.815526 352.077243
0.209393 0.952964 0.834778 0.283707 -0.901155 520.256803
0.401714 0.663456 1.469605 -0.498149 0.627405 660.518339
0.339138 0.891905 0.911485 0.890999 0.164840 897.588160
0.147010 0.780719 1.779589 -0.825183 -0.422325 283.162168
0.151182 0.830971 1.285608 -0.735313 -0.129600 369.731343
0.362280 0.741671 0.654077 0.543378 0.402389 581.643269
0.499701 0.913904 1.959237 -0.064529 0.928430 804.587924
0.288802 0.602534 1.093697 0.154836 -0.669954 146.812330
0.290384 0.852046 1.268595 -0.198191 0.760225 728.155482
0.498064 0.762833 0.684304 0.021897 -0.518335 480.081419
0.360683 0.991376 1.977773 -0.617266 -0.055160 242.983562
0.152810 0.679701 1.064991 0.660683 0.282005 965.222013
0.148608 0.930423 0.852236 0.773938 0.019553 648.772190
0.337509 0.640636 1.439090 -0.941520 -0.262435 329.047736
0.400131 0.812969 0.892711 0.416402 -0.787133 106.131191
0.211030 0.701892 1.808787 -0.366196 0.561250 871.719258
0.239043 0.972234 1.040956 -0.839386 -0.725988 933.420374
0.449847 0.661352 1.625245 0.881922 0.999845 275.658839
0.312415 0.882901 0.706772 -0.477959 0.458415 498.560914
0.101418 0.794481 1.619553 0.302676 -0.201007 710.486906
0.197265 0.843830 1.832359 0.134742 -0.493244 796.593235
0.389293 0.733522 1.245507 -0.083402 0.220378 182.181308
0.451864 0.911287 1.416879 0.557739 0.698331 419.264702
0.259637 0.622268 0.500803 -0.726080 -0.956701 559.540303
0.267679 0.919516 1.691560 0.441149 0.343582 142.065271
0.469202 0.607841 1.009858 -0.280404 -0.069755 807.028358
0.381829 0.836388 1.556260 0.860697 -0.607240 569.706070
0.180106 0.747174 0.735032 -0.919693 0.864679 379.356644
0.121211 0.897329 1.182185 -0.517385 0.564141 293.299873
0.316464 0.786251 1.860591 0.700515 -0.836976 886.163352
0.429087 0.958582 0.567145 -0.159345 -0.362968 663.471162
0.233641 0.668794 1.385810 0.124717 0.104568 516.022127
0.216335 0.804736 0.617985 0.580834 -0.174571 340.198829
0.420984 0.716316 1.299686 -0.639010 0.416492 609.849403
0.333563 0.937868 1.128290 0.218873 0.875737 832.527115
0.128715 0.626986 1.949518 -0.059321 -0.648923 117.490169
0.169868 0.976952 1.502405 -0.375702 -0.918699 433.877280
0.368245 0.687933 0.824000 0.340002 0.675787 746.428244
0.480821 0.865696 1.742450 -0.799140 0.155017 983.736055
0.282251 0.755387 0.923786 0.983213 -0.380871 196.599492
0.275754 0.995559 0.729861 0.090116 0.504213 133.818875
0.486534 0.681747 1.597964 -0.125831 -0.778253 848.855822
0.374153 0.859547 1.016414 0.733037 -0.303054 626.150472
0.163180 0.774054 1.651241 -0.549072 0.045829 356.499898
0.135503 0.823631 1.390895 -0.888880 0.275566 212.613219
0.327555 0.710001 0.525356 0.830720 -0.002517 999.749782
0.415176 0.931518 1.853960 -0.309389 -0.539239 762.468731
0.222926 0.645818 1.222430 0.469049 0.797426 449.917767
0.227146 0.878699 1.954684 0.950431 -0.977788 395.741503
0.434802 0.792412 1.086581 -0.767225 0.736326 586.090930
0.322370 0.964708 1.293136 0.374862 0.214122 823.385580
0.114522 0.650101 0.658309 -0.409445 -0.441394 158.422492
0.186896 0.900648 0.918694 -0.030564 -0.241443 531.979702
0.375822 0.614179 1.784235 0.191233 0.483897 679.428682
0.463393 0.842764 0.830636 -0.669594 0.942624 902.147686
0.274268 0.728365 1.462167 0.610552 -0.716314 309.284208
0.254611 0.825163 1.152100 -0.333044 0.080062 697.784851
0.459236 0.739670 1.924255 0.384368 -0.321555 485.858859
0.396862 0.917474 0.595629 -0.976499 -0.847627 262.929146
0.192038 0.603661 1.320543 0.808051 0.620385 920.690627
0.106544 0.953402 1.721582 0.632296 0.827661 547.084792
0.304946 0.667702 0.946130 -0.589745 -0.585176 406.809191
0.442569 0.889216 1.527657 0.052363 -0.122581 169.752557
0.243975 0.775586 0.800179 -0.227539 0.348861 784.164484
0.206002 0.949116 1.532451 -0.691849 -0.434490 952.463806
0.407501 0.634510 0.760294 0.524343 0.160480 230.225355
0.345080 0.806808 1.713916 -0.115807 0.639562 467.295574
0.143382 0.720522 0.989001 0.166059 -0.896818 715.369637
0.157935 0.870855 0.588014 0.271493 -0.658780 859.319899
0.353212 0.756456 1.363466 -0.447863 0.931798 93.731832
0.490788 0.985038 1.156933 0.911027 0.391193 316.675137
0.295318 0.698569 1.884411 -0.867655 -0.132976 636.399591
0.297643 0.935248 1.237092 0.500610 -0.762559 790.446856
0.489695 0.649950 1.821749 -0.714849 0.519906 190.395899
0.352267 0.821452 0.516586 0.174293 0.061401 413.118981
0.160017 0.707444 1.429001 -0.108305 -0.287482 567.755544
0.138663 0.857381 1.642510 -0.455986 -0.018196 941.375911
0.349443 0.771485 1.054558 0.264102 0.259887 269.225338
0.412013 0.999301 1.612680 -0.843781 0.781869 506.515793
0.201041 0.685866 0.697702 0.934168 -0.554796 704.052746
0.248987 0.840597 1.453311 0.392476 0.720510 642.681963
0.437913 0.725796 0.868656 -0.325668 -0.993604 337.318472
0.300533 0.904390 1.798823 0.784193 -0.456844 100.041630
0.111408 0.618299 0.886409 -0.999626 0.198673 879.990652
0.190006 0.968437 0.672940 -0.565996 0.499698 736.054866
0.397662 0.654234 1.260891 0.655312 -0.225642 473.591765
0.460279 0.876520 1.077775 -0.235788 -0.700879 250.882289
0.252431 0.789855 1.992753 0.044846 0.958058 958.731701
0.270247 0.893336 0.814861 -0.759590 -0.337371 427.449920
0.468649 0.779328 1.495464 0.958310 0.064246 754.361846
0.381223 0.950833 0.937365 -0.432831 0.604936 977.309792
0.182629 0.665535 1.759692 0.351232 -0.863076 204.534191
0.115957 0.914916 1.311831 0.214478 -0.569376 348.435347
0.320582 0.601482 0.633791 -0.007075 0.843462 603.696883
0.433159 0.829295 1.938976 0.602807 0.364296 840.762537
0.228336 0.743399 1.119945 -0.677584 -0.107147 111.336545
0.221588 0.982481 1.875549 -0.149091 0.176174 286.816362
0.416866 0.696390 1.194946 0.066612 -0.418796 894.040802
0.329490 0.874987 1.378039 -0.541311 -0.881246 656.988747
0.134021 0.760186 0.555712 0.741043 0.655134 523.900673
0.167299 0.810928 1.003625 0.823100 0.916120 150.357934
0.368799 0.724263 1.681664 -0.896744 -0.674459 800.931990
0.481426 0.946546 0.751474 0.492419 -0.148532 577.997644
0.279729 0.632343 1.570504 -0.285774 0.375636 373.259180
0.287298 0.817052 1.776490 -0.646645 -0.502885 536.665461
0.476200 0.705572 0.907289 0.572955 0.775674 669.753535
0.363772 0.927915 1.477098 -0.035935 0.297821 906.834104
0.174672 0.638505 0.843370 0.242503 -0.039344 299.609650
0.126743 0.988856 1.103050 0.316756 -0.277869 385.652835
0.334423 0.677583 1.968955 -0.399191 0.004119 590.391300
0.421992 0.856118 0.652049 0.990959 0.545449 813.296254
0.214120 0.766525 1.283213 -0.791151 -0.802934 162.722197
0.235906 0.908766 0.538919 -0.257143 0.984273 217.242826
0.427934 0.620151 1.408121 0.464654 -0.741559 990.018427
0.315554 0.847901 1.213306 -0.927454 -0.216701 767.098997
0.123328 0.737214 1.847034 0.852692 0.442722 440.187070
0.175352 0.886984 1.587406 0.708135 0.235935 123.786353
0.386157 0.798161 0.721500 -0.509521 -0.477687 853.212345
0.473773 0.969726 1.663401 0.101346 -0.941022 616.117299
0.262777 0.659222 1.032236 -0.182960 0.714010 360.855763
0.258338 0.962274 1.353520 0.905656 -0.085327 863.612373
0.453592 0.672865 0.581731 -0.816385 0.328010 83.663349
0.391166 0.895211 1.898614 0.294442 0.848985 320.968708
0.195720 0.783730 1.173334 -0.485460 -0.622934 626.332200
0.105600 0.834258 0.773097 -0.075279 -0.821420 942.768424
0.307124 0.744665 1.547450 0.142133 0.579698 234.919011
0.444701 0.923197 0.977618 -0.749954 0.120246 457.599095
0.242979 0.611924 1.706195 0.534597 -0.347289 720.062196
0.206946 0.863566 0.961884 0.013789 0.431941 551.433418
0.405324 0.752879 1.733674 -0.205567 -0.159122 396.796855
0.342948 0.980632 0.791795 0.684542 -0.633107 174.102280
0.144379 0.692016 1.517076 -0.594139 0.891553 774.153244
0.154207 0.941561 1.917353 -0.965269 0.660352 688.033316
0.358857 0.631057 1.142999 0.750922 -0.934133 490.496362
0.496484 0.802618 1.337837 -0.357946 -0.396671 253.176515
0.291636 0.713795 0.609261 0.423919 0.139217 925.327089
0.291903 0.941371 1.428318 0.031985 0.475891 628.034427
0.496553 0.629709 0.512975 -0.246453 -0.249932 322.460392
0.359179 0.802039 1.821069 0.642725 -0.708327 85.365331
0.154331 0.712837 1.233484 -0.576874 0.951102 865.103810
0.143861 0.862973 0.695552 -0.987004 0.743338 721.041682
0.342239 0.751884 1.607600 0.795105 -0.970290 458.817255
0.404862 0.980431 1.052417 -0.312833 -0.448418 235.897811
0.206292 0.690630 1.637438 0.403114 0.206605 943.985898
0.243685 0.832909 0.881226 0.923561 -0.010015 774.900882
0.445209 0.744476 1.796570 -0.856585 0.268552 174.639326
0.307787 0.922238 0.863481 0.253281 0.804942 397.544301
0.106065 0.611345 1.451067 -0.468516 -0.532214 551.970265
0.195642 0.961280 1.989039 -0.097457 -0.769762 925.464289
0.390896 0.672273 1.076990 0.186849 0.512217 253.552336
0.453471 0.893825 1.257180 -0.704276 0.037350 490.632932
0.258026 0.783529 0.672157 0.513380 -0.311039 688.408506
0.263047 0.886381 1.754609 -0.290583 0.924788 300.582158
0.473851 0.797178 0.935212 0.489319 -0.666281 908.045218
0.386469 0.969512 1.490373 -0.901766 -0.125946 670.725343
0.175473 0.657849 0.812700 0.820275 0.398705 537.875890
0.122820 0.908590 1.116325 0.746092 0.168481 164.431472
0.314848 0.618789 1.938285 -0.538459 -0.425996 814.794929
0.427469 0.847333 0.630168 0.071386 -0.904807 592.100327
0.235243 0.736244 1.311137 -0.146026 0.631087 387.151264
0.214829 0.987873 0.554941 -0.680619 -0.593669 440.317224
0.422510 0.676979 1.374339 0.598063 0.819659 767.467825
0.335077 0.854745 1.194172 -0.009835 0.357335 990.147951
0.127205 0.766311 1.871845 0.209521 -0.114591 217.611024
0.174603 0.815691 1.568271 0.354026 -0.314053 361.610392
0.363505 0.705395 0.746311 -0.427839 0.087071 616.661384
0.476076 0.926945 1.679423 0.961318 0.612872 853.966782
0.286976 0.637937 0.998453 -0.754873 -0.854655 124.330246
0.280386 0.809554 0.842601 -0.178182 0.227998 205.302913
0.481886 0.724050 1.473400 0.104416 -0.486108 977.839839
0.369511 0.945564 0.906511 -0.504468 -0.964339 755.130322
0.167814 0.631738 1.772784 0.710991 0.691184 427.979721
0.133894 0.981510 1.280977 0.847673 0.991232 111.480792
0.329172 0.695823 0.646883 -0.930276 -0.734114 841.117272
0.416794 0.873626 1.966717 0.459849 -0.192406 603.840444
0.221325 0.760008 1.097881 -0.260240 0.466522 348.789452
0.228651 0.914703 1.841949 -0.788146 -0.254307 525.623931
0.433277 0.600108 1.211151 0.995672 0.028164 658.473384
0.320855 0.828690 1.403033 -0.396400 0.553141 895.763867
0.116032 0.742417 0.536761 0.321745 -0.795733 288.300793
0.182160 0.892769 1.028619 0.239739 -0.525470 374.245657
0.380562 0.778357 1.662713 -0.040896 0.752604 579.194720
0.468138 0.950655 0.717874 0.569916 0.289151 801.917837
0.269543 0.664174 1.586709 -0.651393 -0.047521 151.554379
0.253092 0.967479 1.168154 0.436750 0.684401 567.906783
0.460748 0.653653 1.896364 -0.347312 -0.910575 413.480818
0.398366 0.875170 0.576553 0.763540 -0.389466 190.546445
0.190518 0.789666 1.351273 -0.954360 0.146905 790.808008
0.111290 0.839212 1.702477 -0.606730 0.408867 704.814422
0.300217 0.725594 0.976830 0.673660 -0.181702 507.038848
0.437838 0.903395 1.543741 -0.218432 -0.641287 269.986767
0.248714 0.617707 0.772317 0.003121 0.882887 941.898720
0.201359 0.856800 1.516391 0.545174 -0.829844 880.984175
0.412139 0.770527 0.788181 -0.737180 0.571764 101.245695
0.349707 0.999112 1.732997 0.152985 0.097416 338.311365
0.138735 0.684517 0.958278 -0.062718 -0.370602 643.885345
0.159557 0.935046 0.607114 -0.496278 -0.077878 960.447967
0.351610 0.648565 1.332760 0.281916 0.334965 252.359880
0.489180 0.820860 1.140855 -0.826989 0.872790 475.307839
0.296930 0.706449 1.912278 0.892855 -0.598643 737.532265
0.296021 0.871460 1.065766 -0.729179 -0.470658 919.430873
0.491299 0.757439 1.981476 0.552931 0.243447 261.879882
0.353873 0.985252 0.685076 -0.086227 0.707000 484.598858
0.158403 0.699943 1.272295 0.129720 -0.948524 696.735394
0.143307 0.949293 1.811029 0.305527 -0.749548 782.743456
0.344807 0.635870 0.897882 -0.472910 0.975798 168.092855
0.407384 0.807375 1.441323 0.884987 0.450722 405.387533
0.205686 0.721493 0.857400 -0.834612 -0.208206 545.424459
0.244239 0.954385 1.624644 -0.370939 0.012593 715.064418
0.442641 0.668306 0.708934 0.413368 -0.269879 467.200954
0.305265 0.890590 1.630328 -0.946477 -0.811426 229.919890
0.106671 0.775800 1.043109 0.771179 0.537447 952.368939
0.191524 0.826524 0.504426 0.665674 0.768161 635.820849
0.396149 0.739847 1.417574 -0.614472 -0.509913 315.857775
0.458777 0.918445 1.249127 0.026613 -0.031842 93.152406
0.253953 0.604228 1.833051 -0.195184 0.304829 858.501852
0.274981 0.900837 0.740206 0.972549 -0.926146 355.071825
0.463907 0.615528 1.558504 -0.812001 0.668830 624.483778
0.376480 0.843344 1.015041 0.329124 0.131211 847.427118
0.187355 0.729323 1.693813 -0.388288 -0.405160 132.151551
0.114450 0.879290 1.389522 -0.048409 -0.166146 448.664950
0.322106 0.793407 0.567928 0.231493 0.424424 761.426513
0.434675 0.964909 1.864306 -0.628373 0.898566 998.496773
0.226827 0.651486 1.182970 0.593668 -0.625609 211.570809
0.223199 0.824980 1.950198 0.111913 0.587214 157.836758
0.415251 0.710190 1.131899 -0.169952 -0.814394 822.561171
0.327871 0.932476 1.300369 0.687986 -0.354786 585.504510
0.135620 0.646398 0.621596 -0.528205 0.113232 394.916409
0.162669 0.996554 0.925927 -0.907138 0.319531 308.986036
0.373449 0.682338 1.747522 0.871544 -0.093312 902.060058
0.486066 0.860933 0.826150 -0.267634 -0.614444 679.130318
0.275093 0.774256 1.507485 0.451721 0.856990 531.891826
0.282564 0.977910 1.651918 0.621185 -0.234238 379.044379
0.480941 0.688513 1.020020 -0.656764 0.491585 569.632480
0.368515 0.867044 1.598649 0.202141 0.966673 806.715901
0.169945 0.755577 0.733475 -0.017947 -0.692755 141.991488
0.128250 0.806122 1.224574 -0.420326 -0.985969 515.422300
0.332899 0.716517 1.859034 0.362272 0.727660 662.660792
0.420476 0.938863 0.527503 -0.777892 0.191049 885.562894
0.215628 0.627579 1.395973 0.937567 -0.463975 292.488872
0.234296 0.897908 0.663487 0.481821 0.252736 116.223368
0.429549 0.787210 1.295383 -0.298814 -0.025830 831.498935
0.317174 0.958771 1.091761 0.843279 -0.547664 608.582356
0.121728 0.670142 1.956934 -0.878030 0.789493 339.170402
0.179983 0.919718 1.465876 -0.561597 0.528017 195.157435
0.381506 0.609227 0.831416 0.722221 -0.753962 982.083399
0.469134 0.836980 1.787952 -0.138631 -0.295605 744.985502
0.267412 0.748168 0.919483 0.079513 0.052784 432.223939
0.259960 0.845203 1.325632 -0.864587 -0.682097 964.629233
0.451987 0.733736 0.597787 0.915804 0.908972 242.180184
0.389560 0.912270 1.929341 -0.445008 0.383255 479.488008
0.197334 0.622872 1.154255 0.276545 -0.141396 727.351472
0.100956 0.973204 0.803805 0.163238 -0.410195 871.400001
0.311760 0.661920 1.528354 -0.120824 0.184281 106.050554
0.449330 0.884263 0.949748 0.521248 0.646521 328.728287
0.238333 0.794657 1.722270 -0.696653 -0.889373 648.691361
0.211694 0.930637 0.989778 -0.222827 0.835353 709.051840
0.400596 0.642009 1.717622 0.055367 -0.577975 496.915305
0.338216 0.813573 0.761063 -0.584758 -0.099019 274.223088
0.149115 0.702875 1.536148 0.635086 0.372906 931.774080
0.152690 0.852614 1.886650 0.803091 0.071393 558.266456
0.360370 0.763803 1.162102 -0.979262 -0.329731 418.229530
0.497987 0.991553 1.365701 0.379621 -0.870211 180.907215
0.290114 0.681062 0.593180 -0.336082 0.597315 795.557816
0.288486 0.829988 1.868723 0.262063 -0.945154 431.526860
0.499584 0.741067 1.189952 -0.453875 0.718172 751.475923
0.362006 0.912531 1.381854 0.936265 0.240070 974.196188
0.151108 0.602320 0.563556 -0.845835 -0.481854 208.832738
0.147478 0.951602 1.007783 -0.716964 -0.212567 352.445606
0.339799 0.663279 1.689119 0.502645 0.438557 600.295060
0.402224 0.890935 0.744305 -0.106254 0.980135 837.589271
0.210096 0.780151 1.565899 0.172193 -0.737391 115.126208
0.239878 0.944170 0.821686 0.653445 0.541777 284.660432
0.447851 0.633190 1.500458 -0.564202 -0.799292 899.296968
0.310224 0.811624 0.933550 0.046656 -0.274186 662.017233
0.102449 0.721934 1.751848 -0.237641 0.000466 521.966242
0.198871 0.872577 1.307672 -0.327459 0.301491 148.023033
0.388066 0.760999 0.626337 0.394347 -0.042984 805.559952
0.450441 0.983247 1.946144 -0.997770 -0.506567 582.854164
0.261439 0.694131 1.124550 0.782386 0.779326 370.703562
0.265878 0.996897 1.448672 -0.004959 -0.393055 787.280171
0.470625 0.686686 0.861453 0.212443 0.135509 194.192077
0.383056 0.858153 1.806289 -0.679634 0.656733 417.136753
0.178501 0.769232 0.890579 0.604907 -0.930422 564.361179
0.120179 0.819070 0.680749 0.960349 -0.636721 938.254850
0.318655 0.708285 1.264672 -0.761701 0.895259 273.516372
0.431082 0.935938 1.072793 0.349136 0.435559 510.586207
0.232806 0.647615 1.985940 -0.430776 -0.162831 701.160243
0.217269 0.877283 1.241732 -0.894953 0.124436 647.545063
0.418891 0.787593 1.828951 0.821229 -0.351388 334.769490
0.331274 0.966030 0.509121 -0.287630 -0.825621 97.714119
0.129845 0.655050 1.424831 0.494225 0.583808 884.626071
0.171570 0.905089 1.634701 0.068479 0.844793 741.075895
0.366921 0.615973 1.050777 -0.150886 -0.618834 471.649930
0.479301 0.838218 1.617663 0.739232 -0.081123 248.719724
0.284149 0.726640 0.704515 -0.539459 0.323898 963.981287
0.276578 0.923965 0.954441 -0.401306 -0.697260 868.631647
0.484527 0.609664 1.729527 0.318792 0.954348 81.719696
0.371950 0.831849 0.796412 -0.789100 0.496083 318.804457
0.164199 0.745477 1.524256 0.988858 -0.221936 631.580031
0.137121 0.895908 1.922358 0.570916 -0.460461 947.629769
0.326340 0.781400 1.149836 -0.644534 0.202381 232.368206
0.413766 0.959900 1.330005 0.244599 0.724123 455.269897
0.224739 0.673711 0.605457 -0.037989 -0.997309 724.695861
0.225236 0.800219 1.360963 -0.511312 0.786070 548.310602
0.436309 0.714617 0.585878 0.710006 -0.558905 401.086175
0.323682 0.942332 1.893998 -0.181104 -0.022385 178.170892
0.112807 0.628800 1.166154 0.099540 0.263985 771.258986
0.185778 0.978248 0.768092 0.462787 0.057198 684.864876
0.378123 0.692853 1.540614 -0.255348 -0.283372 494.290841
0.465499 0.864260 0.985450 0.854502 -0.758368 257.192491
0.273346 0.750545 1.709998 -0.929306 0.515807 921.930969
0.255532 0.853740 0.535127 0.144172 -0.152669 534.328750
0.457130 0.767368 1.400301 -0.077391 0.379803 674.379742
0.394560 0.989556 1.220108 0.532500 0.920252 911.688869
0.193156 0.675256 1.852006 -0.747900 -0.678622 297.052333
0.108259 0.925510 1.594597 -0.814270 -0.877108 383.495110
0.303635 0.639321 0.726128 0.903620 0.650965 595.645711
0.441062 0.817817 1.659220 -0.487511 0.172039 818.322985
0.245885 0.703309 1.024759 0.296542 -0.414631 160.786066
0.204189 0.970417 1.780282 0.752790 0.360611 221.251399
0.408912 0.656885 0.915109 -0.967063 -0.103493 986.614850
0.346295 0.884604 1.470295 0.422109 -0.565702 763.923976
0.141764 0.799001 0.838399 -0.356094 0.839819 443.974913
0.156916 0.848675 1.095859 -0.203776 0.608618 127.861603
0.355416 0.734960 1.964328 0.011918 -0.866728 850.324667
0.492796 0.906364 0.656230 -0.595995 -0.341042 613.001940
0.294495 0.620969 1.290690 0.686349 0.067887 365.152487
0.298467 0.957721 0.637513 -0.943571 0.938914 138.331811
0.487686 0.671153 1.315186 0.776039 -0.712695 810.257721
0.350064 0.899638 1.111589 -0.364080 -0.237736 573.164046
0.161036 0.785532 1.930986 0.414367 0.480282 375.402483
0.140280 0.835591 1.486048 0.019801 0.217831 288.945229
0.348229 0.749597 0.805079 -0.196136 -0.445011 889.220803
0.410603 0.921798 1.761635 0.662723 -0.981493 666.300933
0.202853 0.607094 0.939675 -0.619377 0.739939 511.888980
0.247076 0.868002 1.672032 -0.085258 -0.543349 342.698239
0.439421 0.754665 0.994358 0.136548 0.801626 604.936731
0.301845 0.976082 1.572961 -0.724289 0.279663 827.843001
0.109693 0.690283 0.753564 0.555867 -0.006706 119.768976
0.188890 0.940153 1.198543 0.880112 -0.298943 435.867809
0.399963 0.626243 1.879512 -0.837534 0.041626 741.455910
0.462384 0.803949 0.547961 0.304543 0.500113 978.536041
0.251509 0.718749 1.369922 -0.479754 -0.774062 198.811615
0.271168 0.815248 1.056833 0.702611 0.395360 730.991833
0.466543 0.701142 1.644419 -0.519439 -0.137112 475.954907
0.378922 0.929629 0.687885 0.122678 -0.662944 238.636321
0.183745 0.643062 1.603229 -0.157234 0.935931 968.286922
0.117673 0.993689 1.813815 -0.278353 0.635393 652.222707
0.319270 0.678985 1.228794 0.439050 -0.892679 325.086172
0.431652 0.851182 1.432413 -0.921808 -0.430325 102.391107
0.230247 0.765189 0.520365 0.862733 0.156345 874.942095
0.219776 0.910496 1.252717 0.341811 -0.118927 928.226941
0.418275 0.624698 0.665131 -0.377554 0.345177 277.877501
0.330705 0.846118 1.996659 0.981345 0.824018 500.558956
0.132403 0.732781 1.081315 -0.797346 -0.581503 705.522029
0.166280 0.882034 0.870780 -0.637154 -0.851279 791.901662
0.371003 0.796834 1.455803 0.579028 0.624068 184.452613
0.483435 0.974537 0.877177 -0.061112 0.083703 421.757586
0.278904 0.660627 1.789225 0.220744 -0.325226 554.620996
0.285399 0.888427 1.551361 0.828623 0.702494 693.095033
0.477720 0.778021 0.776641 -0.886826 -0.960833 488.131959
0.365097 0.955686 1.698016 0.471087 -0.497410 265.423744
0.172968 0.666960 0.969805 -0.311501 0.224514 915.773184
0.125614 0.916602 0.572503 -0.127882 0.454251 541.893113
0.336711 0.606013 1.343927 0.092216 -0.196873 409.029648
0.424086 0.827467 1.175454 -0.546957 -0.721820 171.752313
0.213186 0.738949 1.901101 0.731002 0.995707 779.201362
0.236743 0.987318 1.133190 0.189423 -0.783492 955.916078
0.425938 0.697824 1.907909 -0.028711 0.557578 226.265477
0.313362 0.870057 0.611529 0.612420 0.015900 463.557303
0.124360 0.758881 1.339739 -0.671389 -0.258752 718.594229
0.176957 0.809116 1.737093 -0.769081 -0.058800 862.158005
0.384930 0.719804 0.965670 0.952238 0.285675 89.607018
0.472352 0.948253 1.509136 -0.407653 0.763876 312.329719
0.264577 0.636871 0.783489 0.372991 -0.522017 639.466255
0.256538 0.933820 1.971408 -0.587695 0.151310 135.811214
0.455013 0.645094 1.105136 0.630196 -0.377255 843.885243
0.392392 0.822762 1.273585 -0.229655 -0.914988 620.952213
0.194115 0.712356 0.642787 0.054398 0.672167 358.713721
0.104568 0.861833 0.899533 0.386464 0.879443 215.114452
0.309315 0.773315 1.768369 -0.335098 -0.652537 994.838865
0.446697 0.994767 0.846971 0.806012 -0.178280 757.786372
0.242142 0.684178 1.481065 -0.974388 0.420110 452.198271
0.207880 0.841898 0.713137 -0.446007 -0.367066 391.388572
0.403231 0.730723 1.579408 0.269686 0.108758 589.150136
0.340660 0.902959 1.035965 -0.869446 0.568251 826.217105
0.145507 0.613464 1.666763 0.912898 -0.841178 154.291141
0.155910 0.963912 1.410057 0.526153 -0.603140 528.247956
0.357532 0.652529 0.541222 -0.693700 0.860487 682.659910
0.494964 0.880976 1.837625 0.164192 0.339470 905.607417
0.293535 0.791664 1.203531 -0.114011 -0.065552 305.331843
0.292958 0.880345 0.778896 0.726669 -0.740028 587.670324
0.494363 0.790741 1.553250 -0.551290 0.981902 390.119359
0.356937 0.963084 0.971716 0.088860 0.445108 152.814153
0.155339 0.651799 1.700293 -0.131238 -0.218217 824.950716
0.146469 0.902124 1.347601 -0.307046 -0.480180 681.456692
0.341645 0.612727 0.575811 0.475542 0.237344 526.806118
0.404222 0.841262 1.904431 -0.883347 0.712616 304.125746
0.208847 0.729794 1.179150 0.832102 -0.938514 904.162700
0.241175 0.993935 1.911559 0.368536 0.774265 843.247716
0.445705 0.683444 1.137206 -0.412109 -0.500393 135.384238
0.308329 0.861194 1.343734 0.948759 -0.041852 358.079073
0.103607 0.772383 0.615157 -0.772559 0.299215 620.528054
0.194686 0.822129 0.967809 -0.667056 0.006490 994.590237
0.392987 0.711430 1.739598 0.616753 -0.279401 214.627150
0.455615 0.932994 0.785973 -0.025355 -0.801418 451.946819
0.257114 0.644366 1.511254 0.192780 0.543063 757.296245
0.265569 0.947419 1.108855 -0.970054 -0.156625 225.066674
0.473319 0.636134 1.974761 0.810346 0.430528 954.478600
0.385891 0.808479 0.646164 -0.331740 0.892951 717.397811
0.177943 0.718875 1.277328 0.389822 -0.635619 462.122210
0.123764 0.869426 1.770577 0.049942 -0.935669 88.122843
0.312792 0.757958 0.901374 -0.234111 0.662727 860.884323
0.425362 0.986490 1.482932 0.626717 0.136827 637.979643
0.236141 0.697093 0.849203 -0.591174 -0.395151 311.053652
0.213787 0.826834 1.581595 -0.109556 0.325636 487.887691
0.424662 0.738023 0.715689 0.168648 -0.083791 692.612145
0.337282 0.915777 1.669292 -0.690221 -0.624454 915.531356
0.126209 0.605285 1.038127 0.529632 0.851375 264.943283
0.171983 0.954854 0.544828 0.908564 0.581111 408.387707
0.364135 0.666226 1.414029 -0.873780 -0.823916 541.461771
0.476752 0.887787 1.207479 0.266329 -0.344777 778.557036
0.284408 0.777088 1.841206 -0.449365 0.118848 171.318578
0.279475 0.973516 1.317738 -0.623711 -0.995979 280.817959
0.484029 0.660094 0.639699 0.658388 0.722046 931.406019
0.371604 0.881596 1.933148 -0.199494 0.197153 708.458292
0.166857 0.795713 1.114118 0.016443 -0.454454 503.733839
0.131436 0.845674 0.809051 0.418823 -0.224229 187.788982
0.329713 0.731653 1.489653 -0.359624 0.497201 795.027440
0.417290 0.909469 0.943256 0.779518 0.960570 557.961566
0.218814 0.624160 1.765582 -0.940092 -0.702277 424.887503
0.231208 0.850742 0.997711 -0.484210 0.522403 478.053025
0.432637 0.764064 1.675751 0.300087 -0.763972 733.328626
0.320262 0.992658 0.757307 -0.841013 -0.286084 970.380900
0.118639 0.678443 1.576338 0.876633 0.058889 240.968974
0.183169 0.928606 1.881354 0.560201 0.258352 327.467903
0.378320 0.642526 1.200750 -0.719955 -0.015821 654.393895
0.465948 0.814813 1.372154 0.139906 -0.557186 877.328022
0.270598 0.700024 0.549827 -0.081901 0.783390 104.566486
0.250524 0.803505 1.648435 0.867066 -0.420206 608.270447
0.461423 0.717621 1.060484 -0.917475 0.178667 345.821412
0.398996 0.939126 1.606858 0.442406 0.652626 123.098062
0.187898 0.625704 0.691880 -0.274997 -0.879852 830.961540
0.110294 0.975061 1.231299 -0.161689 -0.672088 744.398973
0.302422 0.689751 1.815955 0.118223 0.914588 439.049547
0.439991 0.867564 0.522483 -0.522918 0.377153 201.759270
0.247671 0.753543 1.434898 0.699132 -0.150918 981.722357
0.202258 0.920774 0.667020 0.225199 0.065778 812.636902
0.410032 0.606559 1.254972 -0.056656 -0.339742 140.500346
0.347652 0.835156 1.083592 0.582507 -0.860690 377.777030
0.139679 0.748479 1.998570 -0.633675 0.603419 575.327995
0.162028 0.899197 1.459110 -0.801679 0.840969 891.321580
0.351031 0.784408 0.874454 0.977012 -0.567966 291.284627
0.488648 0.956691 1.792921 -0.380910 -0.108541 513.994391
0.299452 0.670612 0.880506 0.338455 0.366804 668.644965
0.295089 0.907291 1.727387 -0.033656 0.737724 987.990034
0.493367 0.621602 0.951935 0.248932 -0.980300 222.415984
0.355993 0.849403 1.521772 -0.641177 -0.438898 445.345957
0.157517 0.735786 0.794293 0.574273 0.212709 765.084422
0.140773 0.885338 1.146186 0.984404 0.481508 851.632512
0.345327 0.799832 1.918342 -0.793555 -0.239923 129.408065
0.407950 0.971350 0.601462 0.315313 -0.717849 366.464527
0.203204 0.657525 1.326377 -0.404784 0.944999 614.552600
0.246871 0.818554 0.582204 -0.924851 -0.779773 674.912641
0.442023 0.704143 1.357655 0.858957 0.506603 534.651105
0.304601 0.926439 1.162824 -0.251870 0.043454 297.581037
0.109251 0.639957 1.890302 0.466265 -0.301519 912.007029
0.192554 0.990480 1.538358 0.095207 -0.000005 595.998967
0.393984 0.675886 0.766203 -0.185438 0.274168 384.087040
0.456560 0.854471 1.708088 0.706650 0.798839 161.143454
0.254937 0.768196 0.983174 -0.514669 -0.541736 818.919055
0.272385 0.864994 1.396695 0.292208 0.162866 402.405399
0.464513 0.751377 0.531155 -0.491845 -0.436006 549.868500
0.377131 0.979181 1.848058 0.900263 -0.895286 772.573631
0.184811 0.693492 1.216527 -0.817628 0.637192 179.724218
0.113384 0.943258 0.723941 -0.743444 0.930404 495.654591
0.324284 0.629433 1.592045 0.536957 -0.656272 686.018083
0.436905 0.800947 1.022231 -0.073911 -0.135469 923.299353
0.225807 0.715442 1.657058 0.147652 0.392602 258.350331
0.224168 0.960823 0.912901 0.681893 -0.324063 82.084388
0.413171 0.674341 1.778440 -0.600451 0.081456 869.234955
0.325739 0.896639 0.836532 0.008438 0.618976 631.940086
0.136544 0.782229 1.468063 -0.207255 -0.845134 319.403132
0.165167 0.832586 1.960609 -0.351760 -0.583660 232.889726
0.372941 0.746312 1.092506 0.426443 0.825275 947.940691
0.485512 0.924894 1.287314 -0.963706 0.351232 725.221961
0.277540 0.610300 0.652487 0.756147 -0.124113 455.585397
0.283548 0.838753 1.188110 0.176527 0.997337 331.710366
0.478724 0.727664 1.866516 -0.101920 -0.724593 644.247320
0.366350 0.906207 0.561324 0.506002 -0.202417 881.569827
0.170975 0.616408 1.379988 -0.713607 0.460908 94.419258
0.130830 0.967155 1.685766 -0.850291 0.221895 468.432220
0.332236 0.655491 1.004065 0.931809 -0.495630 738.068783
0.419858 0.877825 1.562156 -0.457354 -0.954330 960.760753
0.218260 0.788623 0.740929 0.258583 0.696800 245.709789
0.231813 0.937065 1.496486 0.786842 -0.515949 191.975300
0.430115 0.648059 0.818080 -0.993314 0.758708 784.824712
0.317694 0.819608 1.748267 0.397827 0.283537 562.147219
0.119194 0.709312 0.929602 -0.323980 -0.057531 414.684118
0.179096 0.858686 0.623784 -0.241974 -0.263829 271.253306
0.383626 0.770253 1.305486 0.042323 0.022061 936.202328
0.471201 0.998019 1.122388 -0.567559 0.558757 698.894298
0.266479 0.687124 1.943616 0.650088 -0.785724 508.530806
0.262405 0.984372 0.858145 -0.435110 0.414971 896.069634
0.451433 0.694572 1.444997 0.344802 -0.172181 281.643642
0.389051 0.873119 0.886883 -0.765058 -0.651298 518.741348
0.199832 0.762029 1.802959 0.956993 0.877273 659.002883
0.101879 0.812160 1.262783 0.609362 0.678299 802.510507
0.309629 0.722958 0.678494 -0.675179 -0.920097 144.734906
0.447250 0.945289 1.983663 0.215922 -0.379457 367.651732
0.239302 0.633625 1.070882 -0.001481 0.152521 579.563658
0.210673 0.891468 1.826446 -0.543914 -0.068357 749.203179
0.402825 0.781172 1.239592 0.734777 0.341070 429.464715
0.340393 0.952724 1.422713 -0.154365 0.867176 206.562379
0.148049 0.663717 0.506636 0.065000 -0.608654 972.136428
0.150146 0.913659 1.046761 0.498558 -0.839366 598.087900
0.361021 0.602764 1.631051 -0.283297 0.565662 349.999826
0.498592 0.830527 0.700887 0.824585 0.103032 112.916604
0.287519 0.742094 1.613668 -0.891596 -0.360593 835.141051
0.289153 0.990825 1.018177 0.941900 0.208310 500.189990
0.497000 0.680237 1.649708 -0.773559 -0.451116 712.115982
0.359378 0.851688 0.731245 0.365629 -0.975879 935.046380
0.151722 0.763169 1.596784 -0.416969 0.749950 277.284844
0.149692 0.812641 1.855681 -0.022402 0.948437 421.228060
0.338817 0.702235 1.220853 0.197686 -0.706592 561.503661
0.401192 0.929903 1.392231 -0.660242 -0.243353 798.558786
0.212264 0.641177 0.524128 0.617707 0.470274 184.146867
0.237762 0.883333 1.291413 0.083968 -0.305048 244.612638
0.448735 0.794021 0.659882 -0.134176 0.032106 966.851089
0.311159 0.972467 1.953351 0.725700 0.510124 729.781487
0.100378 0.661085 1.087812 -0.558119 -0.768448 481.707424
0.198302 0.911539 0.828865 -0.882363 -0.537246 108.094552
0.390551 0.622044 1.463691 0.838946 0.811149 873.682616
0.452973 0.844280 0.917319 -0.302170 0.269655 650.737741
0.260921 0.733105 1.785422 0.478465 -0.012323 331.013287
0.268006 0.836048 0.594480 -0.700986 0.625873 834.493105
0.469705 0.747529 1.321959 0.516914 -0.898784 119.456155
0.382084 0.918984 1.150558 -0.124181 -0.424711 342.161748
0.180583 0.608395 1.926010 0.159881 0.166357 611.812322
0.120737 0.958043 1.526466 0.281001 0.404882 985.362499
0.316206 0.669317 0.801551 -0.440552 -0.131010 198.225936
0.428588 0.896982 1.719992 0.919284 -0.668560 435.505917
0.233310 0.786577 0.947836 -0.861107 0.925922 748.056881
0.216614 0.938132 1.715115 -0.340538 -0.857384 571.672060
0.421437 0.626750 0.987638 0.375165 0.614547 381.322634
0.333867 0.805199 1.534032 -0.982742 0.093714 144.028183
0.129242 0.715887 0.758581 0.799611 -0.319612 808.991277
0.169344 0.866115 1.158084 0.639420 -0.112825 665.097606
0.367939 0.754941 1.882999 -0.580424 0.354699 517.648571
0.480371 0.977173 0.589553 0.058724 0.814010 294.928511
0.281968 0.687678 1.361708 -0.219469 -0.587119 887.791989
0.276061 0.859814 1.979335 -0.830279 0.464262 821.419151
0.487058 0.773821 1.063259 0.889321 -0.191259 156.456057
0.374435 0.996019 1.269812 -0.469553 -0.727924 393.779023
0.163630 0.681314 0.682959 0.308884 0.986187 584.128449
0.135050 0.931935 0.894231 0.125264 0.692485 900.522559
0.327275 0.645368 1.807011 -0.090683 -0.966449 307.659081
0.414649 0.823856 0.853406 0.549451 -0.491308 530.349748
0.222622 0.709749 1.437696 -0.732658 0.234037 677.798784
0.227405 0.964371 0.705261 -0.190727 -0.053186 624.184043
0.435276 0.650460 1.621338 0.031070 0.295686 354.533470
0.322701 0.878163 1.039778 -0.610992 0.754356 131.856388
0.115021 0.792963 1.626631 0.669154 -0.528121 846.893342
0.186393 0.842222 1.415320 0.766845 -0.789108 760.843604
0.375494 0.728885 0.502539 -0.950811 0.547569 448.292639
0.462916 0.900305 1.831138 0.410011 0.025423 210.983266
0.274013 0.614507 1.246849 -0.374296 -0.252649 998.119829
0.253352 0.917903 1.554900 0.589335 0.889454 465.666059
0.458199 0.603198 0.736236 -0.632706 -0.646923 713.740122
0.395578 0.825399 1.689864 0.228137 -0.184385 950.838239
0.190929 0.739406 1.011458 -0.051766 0.410589 228.599789
0.107656 0.889471 0.565743 -0.383833 0.141302 314.713095
0.306227 0.775365 1.386971 0.333579 -0.382871 634.437549
0.443609 0.953849 1.180441 -0.808523 -0.908885 857.353032
0.245230 0.667283 1.862142 0.976027 0.681690 91.764969
0.204694 0.806254 1.129690 0.447267 -0.597526 261.299632
0.406417 0.721055 1.948355 -0.272089 0.870498 919.061167
0.343846 0.948761 0.619732 0.868066 0.329950 696.159284
0.142321 0.634850 1.298138 -0.910616 -0.071657 484.233292
0.158999 0.984713 1.743802 -0.523872 -0.372682 167.790522
0.354443 0.698916 0.922573 0.692319 0.098749 782.202442
0.491876 0.870332 1.504110 -0.166595 0.577774 545.117924
0.296623 0.756995 0.822408 0.115270 -0.835075 404.842323
0.297922 0.821689 1.475951 -0.264572 -0.206953 98.075196
0.490148 0.707180 0.844786 0.455516 0.448568 878.024223
0.352570 0.935676 1.774947 -0.933632 0.970615 640.719483
0.160544 0.649488 0.909041 0.844317 -0.743496 335.355991
0.138139 0.999748 0.650853 0.715446 -0.950771 249.257161
0.349137 0.685447 1.284582 -0.500013 0.708163 957.106574
0.411563 0.857635 1.101464 0.107894 0.249593 734.424913
0.200758 0.771264 1.970666 -0.174703 -0.475751 471.961812
0.249314 0.904034 1.214504 -0.655848 0.311502 411.152552
0.438416 0.618639 1.845669 0.565461 -0.037370 565.789115
0.300788 0.840044 0.540503 -0.044375 -0.512672 788.484375
0.111885 0.726328 1.406408 0.236260 0.769805 188.433411
0.189532 0.875996 1.664556 0.326078 0.531769 504.890665
0.397404 0.790394 1.030828 -0.392067 -0.804909 702.427619
0.459779 0.968112 1.588940 0.999028 -0.268084 939.745958
0.252100 0.654579 0.719739 -0.784790 0.009989 267.595384
0.268966 0.951292 1.900382 0.007455 -0.631107 655.359232
0.467537 0.665104 1.171805 -0.214098 0.905270 522.271159
0.379967 0.893603 1.354900 0.677018 0.426039 285.190795
0.181589 0.779094 0.580547 -0.603373 -0.168936 892.415235
0.116993 0.829519 0.979337 -0.958816 -0.398672 576.035602
0.321841 0.743148 1.704618 0.759084 0.125501 371.297138
0.434268 0.915333 0.774434 -0.350792 0.666255 148.391073
0.229620 0.601032 1.546224 0.433271 -0.924320 798.965123
0.220357 0.874452 0.790068 0.897311 0.854805 975.680277
0.415802 0.760736 1.518644 -0.822533 -0.613220 202.904676
0.328185 0.982143 0.960556 0.285395 -0.087228 425.824354
0.132933 0.696749 1.734908 -0.492798 0.314378 752.736280
0.168384 0.946203 1.336067 -0.067053 0.114427 838.800495
0.370107 0.632671 0.610786 0.148650 -0.357004 109.374506
0.482487 0.810386 1.915976 -0.740538 -0.819519 346.468480
0.280963 0.724784 1.144186 0.541816 0.593330 601.730015
0.285989 0.927382 0.515228 0.398780 -0.466565 768.728073
0.475115 0.639059 1.430206 -0.317167 0.192861 441.816146
0.362538 0.816712 1.235396 0.791747 0.734134 218.868831
0.173611 0.705928 1.823347 -0.990362 -0.991695 991.644433
0.127807 0.855771 1.611273 -0.572419 -0.691158 618.080657
0.335654 0.766850 0.698859 0.647181 0.963871 362.819121
0.423080 0.988317 1.640770 -0.242974 0.486074 125.751908
0.215425 0.678107 1.056114 0.035464 -0.227552 855.177896
